(1075380914866307072, 18)
(1075508429408620545, 6)
(1075514921914372097, 6)
(1075486762779193345, 6)
(1075428203794194434, 3)
(1075513962454835200, 3)
(1075514278243897346, 3)
(1075456836906704896, 3)
(1075307183120748544, 3)
(1075470129956356096, 3)
(1075507452588818433, 3)
(1075499764748300300, 3)
(1075508353588183043, 3)
(1075465795134619648, 3)
(1075512357789429760, 3)
(1075360335127871488, 3)
(1075488441402576897, 3)
(1075508537256763398, 3)
(1075429278316150784, 3)
(1075383214095642624, 2)
