(1075380914866307072, 3)
(1075508429408620545, 2)
(1075420936629821440, 1)
(1075492530001711105, 1)
(1075488803253563394, 1)
(1075484665585102848, 1)
(1075473341744504832, 1)
(1075494462384676864, 1)
(1075504279358713858, 1)
(1075019049975902208, 1)
(1074917281271033856, 1)
(1075345221586702338, 1)
(1075428765931659264, 1)
(1075512357789429760, 1)
(1075508353588183043, 1)
(1075510823563481089, 1)
(1075486762779193345, 1)
(1075480832519868416, 1)
(1075395376688087040, 1)
(1075507452588818433, 1)
(1075459146701508608, 1)
